0.000000E+00
5.488433E-08
2.702691E-06
6.578431E-06
8.306797E-05
1.156302E-03
3.513693E-03
1.041471E-02
2.099491E-02
1.179255E-02
5.516693E-02
3.766953E-02
1.085333E-02
5.323172E-02
4.785740E-02
1.578270E-02
7.282354E-03
6.634653E-03
1.180749E-02
9.200219E-03
1.937969E-02
1.870036E-02
1.991674E-02
4.504008E-03
5.678145E-03
3.173852E-03
9.534900E-03
1.712408E-02
1.865789E-02
2.433784E-03
1.966607E-02
8.003987E-03
6.978291E-03
1.845083E-02
7.332674E-03
1.036598E-02
7.232517E-03
7.359446E-03
2.723460E-02
2.450753E-02
2.992009E-02
2.195544E-02
8.579090E-03
1.108277E-02
5.374885E-03
1.013956E-03
2.351820E-03
6.471304E-04
3.912262E-03
2.177958E-03
5.012947E-04
1.259673E-03
3.162093E-03
1.583901E-03
3.821434E-04
4.447154E-04
3.202402E-04
1.149676E-04
1.513733E-04
8.938010E-05
6.957226E-06
1.604371E-05
6.967246E-06
2.716788E-06
7.337484E-07
4.828950E-06
2.677888E-06
3.928671E-07
3.291948E-06
1.480926E-06
1.710887E-06
1.102531E-07
6.946213E-07
4.546111E-07
-1.121258E-08
1.496326E-07
6.192372E-08
-2.141985E-08
-3.832296E-10
-6.720314E-08
3.334694E-08
0.000000E+00
-3.747870E-08
0.000000E+00
5.308615E-08
-8.319743E-09
1.390638E-07
6.169271E-08
4.223126E-08
1.595192E-08
2.448387E-09
0.000000E+00
-2.218401E-08
-8.329963E-09
-1.693312E-08
-5.563467E-08
-3.254177E-08
6.577462E-08
0.000000E+00
0.000000E+00
-1.455299E-08
1.702114E-08
-4.208923E-09
0.000000E+00
4.636825E-08
3.082205E-08
-4.639238E-09
0.000000E+00
-1.218248E-09
5.948449E-08
0.000000E+00
0.000000E+00
0.000000E+00
0.000000E+00
0.000000E+00
0.000000E+00
0.000000E+00
0.000000E+00
0.000000E+00
0.000000E+00
-3.185017E-09
0.000000E+00
4.982555E-08
0.000000E+00
0.000000E+00
9.262018E-09
0.000000E+00
0.000000E+00
0.000000E+00
0.000000E+00
0.000000E+00
0.000000E+00
-6.535759E-10
0.000000E+00
0.000000E+00
-1.097929E-08
0.000000E+00
0.000000E+00
0.000000E+00
0.000000E+00
0.000000E+00
0.000000E+00
0.000000E+00
0.000000E+00
0.000000E+00
0.000000E+00
1.739581E-08
0.000000E+00
0.000000E+00
0.000000E+00
0.000000E+00
0.000000E+00
0.000000E+00
0.000000E+00
0.000000E+00
0.000000E+00
0.000000E+00
0.000000E+00
0.000000E+00
0.000000E+00
0.000000E+00
0.000000E+00
0.000000E+00
0.000000E+00
0.000000E+00
0.000000E+00
0.000000E+00
0.000000E+00
0.000000E+00
0.000000E+00
0.000000E+00
0.000000E+00
0.000000E+00
0.000000E+00
0.000000E+00
0.000000E+00
0.000000E+00
0.000000E+00
0.000000E+00
0.000000E+00
0.000000E+00
0.000000E+00
0.000000E+00
0.000000E+00
0.000000E+00
0.000000E+00
0.000000E+00
0.000000E+00
0.000000E+00
0.000000E+00
0.000000E+00
0.000000E+00
0.000000E+00
0.000000E+00
0.000000E+00
0.000000E+00
0.000000E+00
0.000000E+00
0.000000E+00
0.000000E+00
0.000000E+00
0.000000E+00
0.000000E+00
0.000000E+00
0.000000E+00
0.000000E+00
0.000000E+00
0.000000E+00
0.000000E+00
0.000000E+00
0.000000E+00
0.000000E+00
0.000000E+00
0.000000E+00
0.000000E+00
0.000000E+00
0.000000E+00
0.000000E+00
0.000000E+00
0.000000E+00
0.000000E+00
0.000000E+00
0.000000E+00
0.000000E+00
0.000000E+00
0.000000E+00
0.000000E+00
0.000000E+00
0.000000E+00
0.000000E+00
0.000000E+00
0.000000E+00
0.000000E+00
0.000000E+00
0.000000E+00
0.000000E+00
0.000000E+00
0.000000E+00
0.000000E+00
0.000000E+00
0.000000E+00
0.000000E+00
0.000000E+00
0.000000E+00
0.000000E+00
0.000000E+00
0.000000E+00
0.000000E+00
0.000000E+00
0.000000E+00
0.000000E+00
0.000000E+00
