0.000000E+00
7.694714E-08
2.128016E-06
5.715182E-06
7.366481E-05
9.846607E-04
2.982711E-03
8.849445E-03
1.761063E-02
9.937307E-03
4.658949E-02
3.225286E-02
9.510562E-03
4.785486E-02
4.393112E-02
1.419733E-02
6.498885E-03
5.901166E-03
1.046933E-02
8.091568E-03
1.688728E-02
1.619403E-02
1.725539E-02
3.914064E-03
4.906408E-03
2.756042E-03
8.325713E-03
1.486852E-02
1.619081E-02
2.112503E-03
1.652794E-02
6.906568E-03
6.152026E-03
1.650840E-02
6.643505E-03
9.546937E-03
6.760921E-03
6.930193E-03
2.510313E-02
2.301673E-02
2.907097E-02
2.244863E-02
9.276536E-03
1.267710E-02
6.641097E-03
1.319553E-03
3.114145E-03
8.820679E-04
5.652405E-03
3.493284E-03
8.515807E-04
2.159201E-03
6.364166E-03
4.281838E-03
1.349209E-03
1.890264E-03
1.758629E-03
8.099900E-04
1.400283E-03
1.234474E-03
1.270423E-04
5.891524E-04
4.235865E-04
2.250002E-04
5.209224E-05
4.092946E-04
2.787266E-04
6.061358E-05
4.451767E-04
3.010737E-04
4.578891E-04
2.346866E-05
2.212140E-04
5.944015E-04
6.174545E-05
1.289307E-04
7.188206E-05
3.247112E-05
3.197529E-06
2.179845E-05
3.422145E-05
8.923674E-06
1.022201E-05
3.555746E-06
3.777623E-05
3.768695E-05
1.256001E-04
1.096762E-04
1.260793E-05
7.650435E-06
5.956490E-06
1.833282E-05
3.381606E-05
1.711299E-05
2.252569E-05
2.417097E-05
4.819985E-05
3.969090E-05
1.404978E-05
2.823539E-05
2.990181E-05
3.009936E-05
2.353406E-05
1.487155E-05
1.017853E-05
2.337309E-05
3.769991E-05
2.064526E-05
2.546202E-05
2.939775E-05
1.283052E-05
1.979026E-05
1.709454E-05
1.629755E-05
7.770176E-06
1.087623E-05
3.367027E-06
4.643643E-06
1.539699E-06
1.666171E-06
7.494957E-06
5.672076E-06
5.105771E-06
1.802913E-05
8.426346E-06
2.316927E-05
5.448384E-06
1.698240E-05
3.896113E-05
1.730760E-05
3.793463E-05
1.419361E-05
1.546914E-05
1.497857E-05
9.894916E-06
1.310124E-05
1.779119E-05
2.395816E-05
2.504587E-05
4.033837E-05
2.614826E-05
3.276129E-05
1.090052E-05
4.002889E-05
2.735282E-05
3.469788E-05
4.136907E-05
8.050232E-06
6.355255E-06
4.356417E-06
4.381413E-06
8.701799E-06
9.961935E-06
2.766352E-05
1.293569E-05
1.010435E-05
3.320565E-05
2.582751E-05
1.854924E-05
1.709976E-05
5.602131E-06
4.889183E-06
2.277114E-06
5.582860E-06
6.979625E-06
8.747351E-06
7.660953E-06
8.505572E-06
6.353480E-06
7.339187E-06
8.095600E-06
1.139457E-05
1.493595E-05
6.615631E-06
7.099774E-06
8.263036E-06
8.353442E-06
8.897119E-06
9.430560E-06
5.410966E-06
5.977315E-06
8.052430E-06
7.372428E-06
7.234832E-06
3.090657E-06
3.997656E-06
4.205633E-06
3.125957E-06
1.487304E-06
1.107157E-06
1.076513E-06
1.229899E-06
1.410267E-06
1.112058E-06
8.370506E-07
8.365695E-07
1.400813E-06
7.544700E-07
3.944559E-07
1.913896E-06
1.313901E-06
6.438446E-07
6.188501E-07
6.082460E-07
1.563493E-06
2.218289E-06
1.893001E-06
6.085023E-06
4.123523E-06
2.864604E-06
4.408594E-06
4.338311E-06
3.207684E-06
1.402148E-06
7.655902E-06
5.894306E-06
7.754918E-06
7.742931E-06
5.394632E-06
6.115592E-06
7.291667E-06
7.008849E-06
5.466828E-06
8.995738E-06
9.130722E-06
1.109295E-05
7.543802E-06
1.323508E-05
1.451440E-05
1.835344E-05
6.434528E-06
1.086656E-05
1.120262E-05
1.145076E-05
1.087288E-05
1.232390E-05
1.326432E-05
5.658758E-06
2.059170E-05
1.991609E-06
1.760535E-06
1.286464E-06
1.262708E-06
4.884060E-07
2.556248E-07
4.810645E-07
-2.945680E-08
6.249911E-08
-1.385486E-07
3.027972E-08
1.131317E-07
0.000000E+00
