0.000000E+00
0.000000E+00
1.469162E-08
1.634990E-09
1.462216E-06
1.964721E-05
5.574740E-05
1.569956E-04
2.912887E-04
1.609295E-04
7.210899E-04
5.263716E-04
1.512126E-04
6.158510E-04
4.784453E-04
1.481661E-04
6.499785E-05
5.233111E-05
9.647791E-05
7.884089E-05
1.503677E-04
1.206711E-04
1.230578E-04
3.117885E-05
4.037104E-05
2.334809E-05
7.372395E-05
1.341858E-04
1.281314E-04
1.610223E-05
1.251555E-04
4.906920E-05
4.268888E-05
1.079051E-04
3.959726E-05
4.842867E-05
2.872286E-05
3.555529E-05
1.524472E-04
1.497005E-04
1.944055E-04
1.690116E-04
7.851901E-05
1.235491E-04
7.520388E-05
1.619548E-05
4.022084E-05
1.184376E-05
8.578366E-05
6.183060E-05
1.630308E-05
4.420895E-05
1.670112E-04
1.717964E-04
7.328126E-05
1.250128E-04
1.545920E-04
8.845626E-05
1.894953E-04
2.515542E-04
3.196844E-05
1.668322E-04
1.517786E-04
9.440658E-05
1.935138E-05
1.746300E-04
1.488284E-04
2.713507E-05
3.075652E-04
2.155304E-04
4.654214E-04
5.112361E-05
3.364586E-04
1.159420E-03
1.187022E-04
5.268459E-04
3.036339E-04
1.115745E-04
6.232946E-06
5.683996E-05
1.435839E-04
3.821228E-05
2.828651E-05
2.576501E-06
7.444668E-05
1.815712E-04
4.443222E-04
5.633106E-04
8.515840E-05
7.074013E-05
3.208967E-05
6.332702E-05
5.816087E-05
9.825328E-05
1.026232E-04
8.588111E-05
2.301367E-04
3.504920E-04
5.030505E-05
9.204373E-05
2.470374E-04
2.345733E-04
2.944046E-05
6.635264E-05
5.351566E-05
2.057946E-04
6.614536E-04
4.724284E-04
2.001374E-04
2.475697E-04
1.414738E-04
9.077369E-05
1.601211E-04
1.097971E-04
1.901786E-04
5.652658E-05
1.429721E-05
1.132982E-05
3.696352E-06
3.488181E-06
4.573122E-05
7.941666E-05
4.708552E-04
4.486516E-04
1.511036E-04
2.355714E-04
8.044679E-06
7.929421E-05
2.171359E-04
4.671771E-04
6.340853E-04
1.230442E-05
3.579637E-05
3.241191E-04
5.352303E-05
2.353679E-04
9.087295E-04
2.406211E-04
2.658010E-04
2.627345E-04
5.576876E-04
8.430226E-04
1.591163E-04
2.565134E-04
5.138351E-04
1.944105E-03
7.536734E-05
1.721589E-04
3.375626E-05
1.270202E-05
3.618926E-05
3.572701E-04
1.611406E-04
1.781600E-04
6.461795E-05
6.482466E-05
4.674507E-05
3.575836E-05
3.886120E-04
2.104891E-04
1.677608E-04
1.168730E-04
2.546427E-05
7.375851E-05
5.713698E-05
3.145134E-05
3.466664E-05
4.066095E-05
4.008779E-05
3.828367E-05
4.672482E-05
5.265442E-05
1.262931E-04
4.965306E-05
5.761408E-05
6.799846E-05
7.390908E-05
8.200330E-05
9.214133E-05
5.709130E-05
6.309828E-05
7.430351E-05
8.844324E-05
1.096708E-04
8.076298E-05
1.128529E-04
1.606111E-04
2.054806E-04
9.220245E-05
9.452665E-05
9.543086E-05
9.601639E-05
9.444595E-05
9.133488E-05
8.852852E-05
8.495551E-05
8.067041E-05
7.905932E-05
7.714289E-05
7.507636E-05
7.143830E-05
7.053361E-05
6.938078E-05
1.688949E-04
1.617811E-04
1.606414E-04
1.602717E-04
3.251298E-04
3.430276E-04
3.739909E-04
4.139190E-04
4.674249E-04
2.588118E-04
2.809440E-04
6.389950E-04
7.846285E-04
9.907532E-04
1.307242E-03
8.303289E-04
9.994289E-04
1.225262E-03
1.490014E-03
1.744018E-03
1.951514E-03
2.145631E-03
2.463675E-03
3.078108E-03
4.223058E-03
6.339549E-03
1.067986E-02
6.421776E-03
8.139020E-03
1.041934E-02
1.334540E-02
1.686787E-02
2.105982E-02
2.557795E-02
1.343982E-02
4.706867E-02
7.269869E-03
6.559571E-03
2.328694E-03
2.101596E-03
9.483886E-04
8.625575E-04
7.716687E-04
4.052849E-04
2.450278E-04
2.699642E-04
2.247974E-04
1.873509E-04
5.701830E-06
