9.955800000000000205e-01
9.980499999999999927e-01
1.000299999999999967e+00
9.941400000000000237e-01
9.988700000000000356e-01
9.977500000000000258e-01
9.956800000000000095e-01
9.972800000000000553e-01
9.963800000000000434e-01
9.984499999999999487e-01
9.978399999999999492e-01
9.952699999999999880e-01
9.966300000000000159e-01
9.945300000000000251e-01
1.001500000000000057e+00
1.002299999999999969e+00
1.000499999999999945e+00
1.000399999999999956e+00
9.995600000000000041e-01
1.007200000000000095e+00
1.007100000000000106e+00
1.000599999999999934e+00
1.000499999999999945e+00
9.961900000000000199e-01
9.963100000000000289e-01
9.967000000000000304e-01
9.989700000000000246e-01
1.000999999999999890e+00
1.004000000000000004e+00
1.005300000000000082e+00
1.005600000000000049e+00
1.002099999999999991e+00
1.002999999999999892e+00
1.001800000000000024e+00
1.004399999999999959e+00
1.005100000000000104e+00
9.980499999999999927e-01
1.009600000000000053e+00
9.886899999999999578e-01
9.888299999999999867e-01
9.897200000000000442e-01
9.905300000000000216e-01
9.954199999999999715e-01
1.001300000000000079e+00
1.002799999999999914e+00
1.004000000000000004e+00
1.003500000000000059e+00
1.003300000000000081e+00
1.003200000000000092e+00
1.003700000000000037e+00
9.963899999999999979e-01
9.944699999999999651e-01
9.985800000000000232e-01
9.968299999999999939e-01
9.957000000000000295e-01
1.000399999999999956e+00
9.945500000000000451e-01
9.963400000000000034e-01
9.931400000000000228e-01
9.897000000000000242e-01
9.975500000000000478e-01
9.964399999999999924e-01
9.935199999999999587e-01
9.954100000000000170e-01
9.929099999999999593e-01
1.009200000000000097e+00
1.018699999999999939e+00
9.885399999999999743e-01
1.004799999999999915e+00
1.023700000000000054e+00
9.944199999999999706e-01
9.958700000000000330e-01
9.962999999999999634e-01
9.974199999999999733e-01
9.916399999999999659e-01
9.956099999999999950e-01
9.965800000000000214e-01
9.965100000000000069e-01
9.946000000000000396e-01
9.938799999999999857e-01
9.968900000000000539e-01
9.945599999999999996e-01
9.950799999999999645e-01
9.955399999999999805e-01
1.003400000000000070e+00
9.993900000000000006e-01
9.943999999999999506e-01
9.958599999999999675e-01
9.966899999999999649e-01
1.000799999999999912e+00
9.934399999999999897e-01
9.922999999999999599e-01
9.961299999999999599e-01
9.971900000000000208e-01
9.975100000000000078e-01
9.943499999999999561e-01
9.965000000000000524e-01
9.943300000000000471e-01
9.989000000000000101e-01
9.954899999999999860e-01
9.972499999999999698e-01
9.967200000000000504e-01
9.990799999999999681e-01
1.002000000000000002e+00
1.002399999999999958e+00
1.007500000000000062e+00
1.007700000000000040e+00
1.001100000000000101e+00
1.001200000000000090e+00
9.962800000000000544e-01
1.004999999999999893e+00
1.005600000000000049e+00
1.006599999999999939e+00
1.006699999999999928e+00
1.006299999999999972e+00
9.992400000000000171e-01
9.979799999999999782e-01
9.972699999999999898e-01
9.982299999999999507e-01
9.963300000000000489e-01
9.977000000000000313e-01
9.979000000000000092e-01
9.968700000000000339e-01
9.975899999999999768e-01
9.990799999999999681e-01
9.990400000000000391e-01
9.976899999999999658e-01
9.977500000000000258e-01
9.998299999999999965e-01
1.000399999999999956e+00
1.000999999999999890e+00
1.000099999999999989e+00
9.998200000000000420e-01
1.000399999999999956e+00
9.996500000000000385e-01
9.989099999999999646e-01
9.990999999999999881e-01
1.000000000000000000e+00
1.000699999999999923e+00
1.000199999999999978e+00
1.000399999999999956e+00
1.000199999999999978e+00
1.000099999999999989e+00
1.000099999999999989e+00
9.993499999999999606e-01
1.004399999999999959e+00
1.005100000000000104e+00
1.003900000000000015e+00
9.968500000000000139e-01
9.998500000000000165e-01
1.000099999999999989e+00
1.001200000000000090e+00
9.979000000000000092e-01
1.000999999999999890e+00
1.001100000000000101e+00
1.001200000000000090e+00
1.000099999999999989e+00
9.977200000000000513e-01
1.002199999999999980e+00
9.995899999999999785e-01
1.002999999999999892e+00
1.002499999999999947e+00
1.002099999999999991e+00
1.001900000000000013e+00
1.003500000000000059e+00
1.003700000000000037e+00
1.002799999999999914e+00
1.001500000000000057e+00
1.000199999999999978e+00
1.001400000000000068e+00
1.001900000000000013e+00
1.001800000000000024e+00
1.002099999999999991e+00
1.002199999999999980e+00
1.000399999999999956e+00
1.000599999999999934e+00
1.000399999999999956e+00
9.992999999999999661e-01
9.975800000000000223e-01
9.995199999999999640e-01
9.994899999999999896e-01
9.993600000000000261e-01
9.978099999999999747e-01
9.970599999999999463e-01
9.982699999999999907e-01
9.983499999999999597e-01
9.982499999999999707e-01
9.987300000000000066e-01
9.989000000000000101e-01
9.977200000000000513e-01
9.987000000000000322e-01
9.997599999999999820e-01
9.986000000000000432e-01
9.989299999999999846e-01
9.977300000000000058e-01
9.975600000000000023e-01
9.968900000000000539e-01
9.988099999999999756e-01
9.999700000000000255e-01
9.976899999999999658e-01
9.957799999999999985e-01
9.978000000000000203e-01
9.984699999999999687e-01
9.987599999999999811e-01
9.982600000000000362e-01
9.976899999999999658e-01
9.987000000000000322e-01
9.995000000000000551e-01
9.992999999999999661e-01
9.993900000000000006e-01
9.976399999999999713e-01
9.987899999999999556e-01
9.980900000000000327e-01
9.986899999999999666e-01
9.986599999999999921e-01
9.992299999999999516e-01
9.998599999999999710e-01
9.996099999999999985e-01
9.970599999999999463e-01
9.971499999999999808e-01
9.974100000000000188e-01
9.975699999999999568e-01
9.984100000000000197e-01
9.987500000000000266e-01
9.986199999999999521e-01
9.986699999999999466e-01
9.994199999999999751e-01
1.000000000000000000e+00
9.997800000000000020e-01
9.968099999999999739e-01
9.971400000000000263e-01
9.961900000000000199e-01
9.960299999999999709e-01
9.956099999999999950e-01
9.949900000000000411e-01
9.967399999999999594e-01
9.961699999999999999e-01
9.950700000000000101e-01
9.940099999999999492e-01
9.966500000000000359e-01
9.967599999999999794e-01
9.966699999999999449e-01
9.964399999999999924e-01
9.978200000000000403e-01
9.950499999999999901e-01
9.952699999999999880e-01
9.958200000000000385e-01
9.954300000000000370e-01
9.953100000000000280e-01
9.946899999999999631e-01
9.967899999999999539e-01
9.960999999999999854e-01
9.955500000000000460e-01
9.947200000000000486e-01
9.971700000000000008e-01
9.984800000000000342e-01
9.943800000000000416e-01
9.996199999999999530e-01
9.957399999999999585e-01
9.951299999999999590e-01
9.990700000000000136e-01
9.919099999999999584e-01
9.968900000000000539e-01
9.979299999999999837e-01
9.950400000000000356e-01
9.999400000000000510e-01
9.965600000000000014e-01
9.982699999999999907e-01
1.000399999999999956e+00
9.988299999999999956e-01
1.000699999999999923e+00
1.000299999999999967e+00
9.993100000000000316e-01
9.990999999999999881e-01
9.901400000000000201e-01
9.948700000000000321e-01
9.996899999999999675e-01
9.988500000000000156e-01
9.979700000000000237e-01
1.000199999999999978e+00
1.001400000000000068e+00
1.002099999999999991e+00
1.001700000000000035e+00
1.006099999999999994e+00
1.004199999999999982e+00
1.006199999999999983e+00
9.953699999999999770e-01
9.959900000000000420e-01
9.959299999999999820e-01
9.962299999999999489e-01
9.967599999999999794e-01
9.971200000000000063e-01
9.973800000000000443e-01
9.973899999999999988e-01
9.981100000000000527e-01
9.977500000000000258e-01
9.981700000000000017e-01
9.969000000000000083e-01
9.979000000000000092e-01
9.980799999999999672e-01
1.001300000000000079e+00
1.002599999999999936e+00
1.002299999999999969e+00
9.963999999999999524e-01
9.965199999999999614e-01
9.964100000000000179e-01
9.957799999999999985e-01
9.953100000000000280e-01
9.948099999999999721e-01
9.959099999999999620e-01
9.956800000000000095e-01
9.953999999999999515e-01
9.946199999999999486e-01
9.951100000000000501e-01
9.945000000000000506e-01
9.951299999999999590e-01
9.949099999999999611e-01
9.944699999999999651e-01
9.950400000000000356e-01
9.944800000000000306e-01
9.949500000000000011e-01
9.947399999999999576e-01
9.944800000000000306e-01
9.945699999999999541e-01
9.947700000000000431e-01
1.001500000000000057e+00
1.001700000000000035e+00
1.001400000000000068e+00
9.941900000000000182e-01
9.958500000000000130e-01
9.997399999999999620e-01
9.989299999999999846e-01
9.969000000000000083e-01
9.966500000000000359e-01
9.935199999999999587e-01
1.000199999999999978e+00
1.000299999999999967e+00
1.000999999999999890e+00
1.001800000000000024e+00
9.980799999999999672e-01
1.000000000000000000e+00
9.995100000000000096e-01
9.987200000000000522e-01
9.999299999999999855e-01
1.002199999999999980e+00
1.003500000000000059e+00
1.005900000000000016e+00
1.008399999999999963e+00
1.003400000000000070e+00
1.007300000000000084e+00
1.008899999999999908e+00
1.002699999999999925e+00
1.003400000000000070e+00
1.002899999999999903e+00
1.005400000000000071e+00
1.008499999999999952e+00
1.004399999999999959e+00
1.007100000000000106e+00
1.001400000000000068e+00
1.000899999999999901e+00
1.004199999999999982e+00
1.003400000000000070e+00
1.004099999999999993e+00
1.004999999999999893e+00
1.005700000000000038e+00
1.004299999999999971e+00
1.002499999999999947e+00
9.974699999999999678e-01
9.997700000000000475e-01
9.979900000000000437e-01
9.980400000000000382e-01
1.000299999999999967e+00
1.004999999999999893e+00
1.000000000000000000e+00
9.995800000000000241e-01
1.001300000000000079e+00
9.995500000000000496e-01
1.002199999999999980e+00
9.990799999999999681e-01
1.001200000000000090e+00
1.001800000000000024e+00
1.002399999999999958e+00
1.004000000000000004e+00
1.005300000000000082e+00
1.004799999999999915e+00
1.002999999999999892e+00
9.980900000000000327e-01
1.001100000000000101e+00
9.994600000000000151e-01
1.000799999999999912e+00
1.000399999999999956e+00
1.009100000000000108e+00
1.003400000000000070e+00
1.008299999999999974e+00
1.004399999999999959e+00
9.980599999999999472e-01
9.963699999999999779e-01
1.000199999999999978e+00
1.008199999999999985e+00
1.012999999999999901e+00
1.015099999999999891e+00
1.007600000000000051e+00
1.004799999999999915e+00
9.930499999999999883e-01
9.989400000000000501e-01
9.956000000000000405e-01
9.922999999999999599e-01
1.002099999999999991e+00
9.989799999999999791e-01
9.981600000000000472e-01
1.002499999999999947e+00
1.005100000000000104e+00
9.997099999999999875e-01
1.003200000000000092e+00
1.003600000000000048e+00
9.974199999999999733e-01
1.002299999999999969e+00
9.935100000000000042e-01
1.003200000000000092e+00
9.999700000000000255e-01
1.001700000000000035e+00
1.002699999999999925e+00
9.914100000000000135e-01
9.950400000000000356e-01
1.002799999999999914e+00
