2.000000E+07
1.733000E+07
1.568000E+07
1.455000E+07
1.384000E+07
1.284000E+07
1.000000E+07
8.187000E+06
6.434000E+06
4.800000E+06
4.304000E+06
3.000000E+06
2.479000E+06
2.354000E+06
1.850000E+06
1.500000E+06
1.400000E+06
1.356000E+06
1.317000E+06
1.250000E+06
1.200000E+06
1.100000E+06
1.010000E+06
9.200000E+05
9.000000E+05
8.750000E+05
8.611000E+05
8.200000E+05
7.500000E+05
6.790000E+05
6.700000E+05
6.000000E+05
5.730000E+05
5.500000E+05
4.920000E+05
4.700000E+05
4.400000E+05
4.200000E+05
4.000000E+05
3.300000E+05
2.700000E+05
2.000000E+05
1.490000E+05
1.283000E+05
1.000000E+05
8.500000E+04
8.200000E+04
7.500000E+04
7.300000E+04
6.000000E+04
5.200000E+04
5.000000E+04
4.500000E+04
3.000000E+04
2.000000E+04
1.700000E+04
1.300000E+04
9.500000E+03
8.030000E+03
5.700000E+03
3.900000E+03
3.740000E+03
3.000000E+03
2.500000E+03
2.250000E+03
2.200000E+03
1.800000E+03
1.550000E+03
1.500000E+03
1.150000E+03
9.500000E+02
6.830000E+02
6.700000E+02
5.500000E+02
3.050000E+02
2.850000E+02
2.400000E+02
2.200000E+02
2.095000E+02
2.074000E+02
2.020000E+02
1.930000E+02
1.915000E+02
1.885000E+02
1.877000E+02
1.800000E+02
1.700000E+02
1.430000E+02
1.220000E+02
1.190000E+02
1.175000E+02
1.160000E+02
1.130000E+02
1.080000E+02
1.050000E+02
1.012000E+02
9.700000E+01
9.000000E+01
8.170000E+01
8.000000E+01
7.600000E+01
7.200000E+01
6.750000E+01
6.500000E+01
6.300000E+01
6.100000E+01
5.800000E+01
5.340000E+01
5.060000E+01
4.830000E+01
4.520000E+01
4.400000E+01
4.240000E+01
4.100000E+01
3.960000E+01
3.910000E+01
3.800000E+01
3.763000E+01
3.727000E+01
3.713000E+01
3.700000E+01
3.600000E+01
3.550000E+01
3.500000E+01
3.375000E+01
3.325000E+01
3.175000E+01
3.125000E+01
3.000000E+01
2.750000E+01
2.500000E+01
2.250000E+01
2.175000E+01
2.120000E+01
2.050000E+01
2.000000E+01
1.940000E+01
1.850000E+01
1.700000E+01
1.600000E+01
1.440000E+01
1.290000E+01
1.190000E+01
1.150000E+01
1.000000E+01
9.100000E+00
8.100000E+00
7.150000E+00
7.000000E+00
6.875000E+00
6.750000E+00
6.500000E+00
6.250000E+00
6.000000E+00
5.400000E+00
5.000000E+00
4.700000E+00
4.100000E+00
3.730000E+00
3.500000E+00
3.200000E+00
3.100000E+00
3.000000E+00
2.970000E+00
2.870000E+00
2.770000E+00
2.670000E+00
2.570000E+00
2.470000E+00
2.380000E+00
2.300000E+00
2.210000E+00
2.120000E+00
2.000000E+00
1.940000E+00
1.860000E+00
1.770000E+00
1.680000E+00
1.590000E+00
1.500000E+00
1.450000E+00
1.400000E+00
1.350000E+00
1.300000E+00
1.250000E+00
1.225000E+00
1.200000E+00
1.175000E+00
1.150000E+00
1.140000E+00
1.130000E+00
1.120000E+00
1.110000E+00
1.100000E+00
1.090000E+00
1.080000E+00
1.070000E+00
1.060000E+00
1.050000E+00
1.040000E+00
1.030000E+00
1.020000E+00
1.010000E+00
1.000000E+00
9.750000E-01
9.500000E-01
9.250000E-01
9.000000E-01
8.500000E-01
8.000000E-01
7.500000E-01
7.000000E-01
6.500000E-01
6.250000E-01
6.000000E-01
5.500000E-01
5.000000E-01
4.500000E-01
4.000000E-01
3.750000E-01
3.500000E-01
3.250000E-01
3.000000E-01
2.750000E-01
2.500000E-01
2.250000E-01
2.000000E-01
1.750000E-01
1.500000E-01
1.250000E-01
1.000000E-01
9.000000E-02
8.000000E-02
7.000000E-02
6.000000E-02
5.000000E-02
4.000000E-02
3.000000E-02
2.530000E-02
1.000000E-02
7.500000E-03
5.000000E-03
4.000000E-03
3.000000E-03
2.500000E-03
2.000000E-03
1.500000E-03
1.200000E-03
1.000000E-03
7.500000E-04
5.000000E-04
1.000000E-04
1.000000E-05
